{"meta": {"pool_address": "5xfKkFmhzNhHKTFUkh4PJmHSWB6LpRvhJcUMKzPP6md2", "name": "wfragSOL / JitoSOL", "fee": "<EMPTY>", "network": "solana", "dex": "orca", "base": {"address": "WFRGSWjaz8tbAxsJitmbfRuFV2mSNwy7BMWcCwaA28U", "name": "Wrapped Fragmetric Restaked SOL", "symbol": "wfragSOL"}, "quote": {"address": "J1toso1uCk3RLmjorhTtrVwY9HJ7X8V9yYac6Y7kGCPn", "name": "Jito Staked SOL", "symbol": "JitoSOL"}, "pool_created_at": [1739435379, "2025-02-13T08:29:39Z"], "metadata_last_update": [1775610002, "2026-04-08T01:00:02Z"]}, "data": [{"epoch": [1775520000, "2026-04-07T00:00:00Z"], "tvl": 157699.6083, "open": [90.28795427995138, 0.871804669819458], "high": [90.28795427995138, 0.871804669819458], "low": [86.99919239983926, 0.871478183333333], "close": [88.71114608972887, 0.871478183333333], "volume": 2538.9186583400055, "hour_data": [{"epoch": [1775588400, "2026-04-07T19:00:00Z"], "open": [88.25426442976934, 0.871478495480165], "high": [88.71114608972887, 0.871478495480165], "low": [88.25426442976934, 0.871478183333333], "close": [88.71114608972887, 0.871478183333333], "volume": 5.322668765383733}, {"epoch": [1775584800, "2026-04-07T18:00:00Z"], "open": [86.99919239983926, 0.871484600670377], "high": [88.25426442976934, 0.871484600670377], "low": [86.99919239983926, 0.871478495480165], "close": [88.25426442976934, 0.871478495480165], "volume": 4.877758565643669}, {"epoch": [1775574000, "2026-04-07T15:00:00Z"], "open": [87.27607709488984, 0.871490918863837], "high": [87.27607709488984, 0.871490918863837], "low": [86.99919239983926, 0.871484600670377], "close": [86.99919239983926, 0.871484600670377], "volume": 197.7519109026113}, {"epoch": [1775570400, "2026-04-07T14:00:00Z"], "open": [88.80401132401066, 0.871499790441326], "high": [88.80401132401066, 0.871499790441326], "low": [87.27607709488984, 0.871490918863837], "close": [87.27607709488984, 0.871490918863837], "volume": 8.811536836303363}, {"epoch": [1775548800, "2026-04-07T08:00:00Z"], "open": [88.42372797017175, 0.87156848909482], "high": [88.80401132401066, 0.87156848909482], "low": [88.42372797017175, 0.871499790441326], "close": [88.80401132401066, 0.871499790441326], "volume": 296.8373971927824}, {"epoch": [1775523600, "2026-04-07T01:00:00Z"], "open": [88.36835638268084, 0.871629076425153], "high": [88.42372797017175, 0.871629076425153], "low": [88.36835638268084, 0.87156848909482], "close": [88.42372797017175, 0.87156848909482], "volume": 1992.5527775230532}, {"epoch": [1775520000, "2026-04-07T00:00:00Z"], "open": [90.28795427995138, 0.871804669819458], "high": [90.28795427995138, 0.871804669819458], "low": [88.36835638268084, 0.871629076425153], "close": [88.36835638268084, 0.871629076425153], "volume": 32.7646085542278}]}, {"epoch": [1775433600, "2026-04-06T00:00:00Z"], "tvl": 148688.2042, "open": [88.58052910740565, 0.871644875], "high": [91.9110735996075, 0.871804669819458], "low": [88.58052910740565, 0.871629716575346], "close": [90.28795427995138, 0.871804669819458], "volume": 263.9834470575535, "hour_data": [{"epoch": [1775512800, "2026-04-06T22:00:00Z"], "open": [91.0556947645214, 0.871804347158615], "high": [91.0556947645214, 0.871804669819458], "low": [90.28795427995138, 0.871804347158615], "close": [90.28795427995138, 0.871804669819458], "volume": 0.32606618895047923}, {"epoch": [1775487600, "2026-04-06T15:00:00Z"], "open": [90.76414815524068, 0.871629716575346], "high": [91.0556947645214, 0.871804347158615], "low": [90.76414815524068, 0.871629716575346], "close": [91.0556947645214, 0.871804347158615], "volume": 5.773997522424615}, {"epoch": [1775484000, "2026-04-06T14:00:00Z"], "open": [90.80267782623396, 0.871637486395931], "high": [90.80267782623396, 0.871637486395931], "low": [90.69809579925946, 0.871629716575346], "close": [90.76414815524068, 0.871629716575346], "volume": 9.322832356822298}, {"epoch": [1775473200, "2026-04-06T11:00:00Z"], "open": [91.9110735996075, 0.871643379682035], "high": [91.9110735996075, 0.871643379682035], "low": [90.80267782623396, 0.871637486395931], "close": [90.80267782623396, 0.871637486395931], "volume": 248.50614974400324}, {"epoch": [1775466000, "2026-04-06T09:00:00Z"], "open": [88.58052910740565, 0.871644875], "high": [91.9110735996075, 0.871644875], "low": [88.58052910740565, 0.871643379682035], "close": [91.9110735996075, 0.871643379682035], "volume": 0.05440124535287169}]}, {"epoch": [1775347200, "2026-04-05T00:00:00Z"], "tvl": 153315.7615, "open": [89.68774699071982, 0.871891517894228], "high": [89.68774699071982, 0.871897901509805], "low": [88.26168472363992, 0.871644875], "close": [88.58052910740565, 0.871644875], "volume": 1543.345597743036, "hour_data": [{"epoch": [1775419200, "2026-04-05T20:00:00Z"], "open": [88.26168472363992, 0.871649973954795], "high": [88.58052910740565, 0.871649973954795], "low": [88.26168472363992, 0.871644875], "close": [88.58052910740565, 0.871644875], "volume": 4.960509630014716}, {"epoch": [1775415600, "2026-04-05T19:00:00Z"], "open": [88.54264768485434, 0.871718943310574], "high": [88.57705185745888, 0.87188783558917], "low": [88.26168472363992, 0.871649973954795], "close": [88.26168472363992, 0.871649973954795], "volume": 1217.4220370780758}, {"epoch": [1775390400, "2026-04-05T12:00:00Z"], "open": [89.05221118276232, 0.871897901509805], "high": [89.05221118276232, 0.871897901509805], "low": [88.54264768485434, 0.871718943310574], "close": [88.54264768485434, 0.871718943310574], "volume": 233.35449798251992}, {"epoch": [1775361600, "2026-04-05T04:00:00Z"], "open": [89.31758155188209, 0.871721352706642], "high": [89.31758155188209, 0.871897901509805], "low": [89.05221118276232, 0.871721352706642], "close": [89.05221118276232, 0.871897901509805], "volume": 80.33027358534957}, {"epoch": [1775350800, "2026-04-05T01:00:00Z"], "open": [89.68774699071982, 0.871891517894228], "high": [89.68774699071982, 0.871891517894228], "low": [89.31758155188209, 0.871721352706642], "close": [89.31758155188209, 0.871721352706642], "volume": 7.278279467075898}]}, {"epoch": [1775260800, "2026-04-04T00:00:00Z"], "tvl": 150105.0522, "open": [88.97241986840628, 0.871740767619741], "high": [89.7413854854732, 0.871891517894228], "low": [88.68976407233585, 0.87172014893221], "close": [89.68774699071982, 0.871891517894228], "volume": 417.2577214286328, "hour_data": [{"epoch": [1775336400, "2026-04-04T21:00:00Z"], "open": [88.68976407233585, 0.871727655339273], "high": [89.7413854854732, 0.871891517894228], "low": [88.68976407233585, 0.87172014893221], "close": [89.68774699071982, 0.871891517894228], "volume": 402.1940847830075}, {"epoch": [1775304000, "2026-04-04T12:00:00Z"], "open": [88.69030238867825, 0.871727906270617], "high": [88.69030238867825, 0.871727906270617], "low": [88.68976407233585, 0.871727655339273], "close": [88.68976407233585, 0.871727655339273], "volume": 3.7455214605484755}, {"epoch": [1775282400, "2026-04-04T06:00:00Z"], "open": [88.74271982102998, 0.871727961169327], "high": [88.74271982102998, 0.871727961169327], "low": [88.69030238867825, 0.871727906270617], "close": [88.69030238867825, 0.871727906270617], "volume": 4.004630563046917}, {"epoch": [1775275200, "2026-04-04T04:00:00Z"], "open": [88.76084775803089, 0.871728264541814], "high": [88.76084775803089, 0.871728264541814], "low": [88.74271982102998, 0.871727961169327], "close": [88.74271982102998, 0.871727961169327], "volume": 0.8014176654170377}, {"epoch": [1775271600, "2026-04-04T03:00:00Z"], "open": [88.80076004873007, 0.871728064831616], "high": [88.80076004873007, 0.871728264541814], "low": [88.76084775803089, 0.871728064831616], "close": [88.76084775803089, 0.871728264541814], "volume": 6.280442872534453}, {"epoch": [1775268000, "2026-04-04T02:00:00Z"], "open": [88.97241986840628, 0.871740767619741], "high": [88.97241986840628, 0.871740767619741], "low": [88.80076004873007, 0.871728064831616], "close": [88.80076004873007, 0.871728064831616], "volume": 0.2316240840784254}]}, {"epoch": [1775174400, "2026-04-03T00:00:00Z"], "tvl": 173416.3115, "open": [87.29425756962097, 0.871796390204082], "high": [89.12659896541005, 0.87194436105693], "low": [87.26811545089838, 0.871740767619741], "close": [88.97241986840628, 0.871740767619741], "volume": 1531.548143960939, "hour_data": [{"epoch": [1775250000, "2026-04-03T21:00:00Z"], "open": [89.12659896541005, 0.871927343067582], "high": [89.12659896541005, 0.871927343067582], "low": [88.97241986840628, 0.871740767619741], "close": [88.97241986840628, 0.871740767619741], "volume": 481.1753367745871}, {"epoch": [1775232000, "2026-04-03T16:00:00Z"], "open": [88.63360593401319, 0.871768544864528], "high": [89.12659896541005, 0.871927343067582], "low": [88.63360593401319, 0.871752843066331], "close": [89.12659896541005, 0.871927343067582], "volume": 256.46194973897957}, {"epoch": [1775217600, "2026-04-03T12:00:00Z"], "open": [88.45710580225894, 0.871771164798549], "high": [88.63360593401319, 0.871771164798549], "low": [88.45710580225894, 0.871768544864528], "close": [88.63360593401319, 0.871768544864528], "volume": 110.16245612097448}, {"epoch": [1775210400, "2026-04-03T10:00:00Z"], "open": [88.16610922607603, 0.87194436105693], "high": [88.45710580225894, 0.87194436105693], "low": [88.16610922607603, 0.871771164798549], "close": [88.45710580225894, 0.871771164798549], "volume": 0.40096756871948275}, {"epoch": [1775199600, "2026-04-03T07:00:00Z"], "open": [87.66226391007022, 0.871939546986349], "high": [88.16610922607603, 0.87194436105693], "low": [87.66226391007022, 0.871939546986349], "close": [88.16610922607603, 0.87194436105693], "volume": 183.8372964310809}, {"epoch": [1775192400, "2026-04-03T05:00:00Z"], "open": [87.7500713531713, 0.871777804961958], "high": [87.7500713531713, 0.871939546986349], "low": [87.66226391007022, 0.871777804961958], "close": [87.66226391007022, 0.871939546986349], "volume": 3.5160719541859153}, {"epoch": [1775181600, "2026-04-03T02:00:00Z"], "open": [87.26811545089838, 0.871790680008009], "high": [87.7500713531713, 0.871790680008009], "low": [87.26811545089838, 0.871777804961958], "close": [87.7500713531713, 0.871777804961958], "volume": 491.33918758498527}, {"epoch": [1775174400, "2026-04-03T00:00:00Z"], "open": [87.29425756962097, 0.871796390204082], "high": [87.29425756962097, 0.871796390204082], "low": [87.26811545089838, 0.871790680008009], "close": [87.26811545089838, 0.871790680008009], "volume": 4.654877787426302}]}, {"epoch": [1775088000, "2026-04-02T00:00:00Z"], "tvl": 172555.2812, "open": [89.91464576445249, 0.871817783606154], "high": [90.38766995826406, 0.872021315959757], "low": [86.4822533765985, 0.871796390204082], "close": [87.29425756962097, 0.871796390204082], "volume": 3528.664560580812, "hour_data": [{"epoch": [1775163600, "2026-04-02T21:00:00Z"], "open": [87.6724378719372, 0.871974306058965], "high": [87.6724378719372, 0.871974306058965], "low": [87.29425756962097, 0.871796390204082], "close": [87.29425756962097, 0.871796390204082], "volume": 213.87093104557138}, {"epoch": [1775160000, "2026-04-02T20:00:00Z"], "open": [86.4822533765985, 0.871801593758948], "high": [87.6724378719372, 0.871974306058965], "low": [86.4822533765985, 0.871801593758948], "close": [87.6724378719372, 0.871974306058965], "volume": 79.12711248827856}, {"epoch": [1775131200, "2026-04-02T12:00:00Z"], "open": [87.3995472632174, 0.87180828130461], "high": [87.3995472632174, 0.87180828130461], "low": [86.4822533765985, 0.871801593758948], "close": [86.4822533765985, 0.871801593758948], "volume": 142.12191515233184}, {"epoch": [1775124000, "2026-04-02T10:00:00Z"], "open": [87.23370444390025, 0.871818433137202], "high": [87.3995472632174, 0.871818433137202], "low": [87.23370444390025, 0.87180828130461], "close": [87.3995472632174, 0.87180828130461], "volume": 115.57387044572559}, {"epoch": [1775098800, "2026-04-02T03:00:00Z"], "open": [87.08156870617606, 0.87183636939663], "high": [87.23370444390025, 0.87183636939663], "low": [87.08156870617606, 0.871818433137202], "close": [87.23370444390025, 0.871818433137202], "volume": 278.4691247064891}, {"epoch": [1775095200, "2026-04-02T02:00:00Z"], "open": [87.80474572988494, 0.871865265379704], "high": [87.80474572988494, 0.871865265379704], "low": [87.08156870617606, 0.87183636939663], "close": [87.08156870617606, 0.87183636939663], "volume": 416.88837638444153}, {"epoch": [1775091600, "2026-04-02T01:00:00Z"], "open": [90.38766995826406, 0.871816668412342], "high": [90.38766995826406, 0.872021315959757], "low": [87.80474572988494, 0.871813016520312], "close": [87.80474572988494, 0.871865265379704], "volume": 2238.453458162567}, {"epoch": [1775088000, "2026-04-02T00:00:00Z"], "open": [89.91464576445249, 0.871817783606154], "high": [90.38766995826406, 0.871817783606154], "low": [89.91464576445249, 0.871816668412342], "close": [90.38766995826406, 0.871816668412342], "volume": 44.15977219540714}]}, {"epoch": [1775001600, "2026-04-01T00:00:00Z"], "tvl": 181605.2759, "open": [91.49807245092151, 0.872762219133203], "high": [95.40861671077002, 0.872936095457746], "low": [89.68912279791267, 0.871817783606154], "close": [89.91464576445249, 0.871817783606154], "volume": 31902.56532396131, "hour_data": [{"epoch": [1775084400, "2026-04-01T23:00:00Z"], "open": [89.68912279791267, 0.871819066649711], "high": [89.91464576445249, 0.871819066649711], "low": [89.68912279791267, 0.871817783606154], "close": [89.91464576445249, 0.871817783606154], "volume": 2.9142040723935385}, {"epoch": [1775080800, "2026-04-01T22:00:00Z"], "open": [91.70217717941894, 0.871820370967742], "high": [91.70217717941894, 0.871820370967742], "low": [89.68912279791267, 0.871819066649711], "close": [89.68912279791267, 0.871819066649711], "volume": 48.056997877516544}, {"epoch": [1775073600, "2026-04-01T20:00:00Z"], "open": [92.65419990813889, 0.872235859152015], "high": [92.65419990813889, 0.872235859152015], "low": [91.70217717941894, 0.871820370967742], "close": [91.70217717941894, 0.871820370967742], "volume": 5.685534985123974}, {"epoch": [1775070000, "2026-04-01T19:00:00Z"], "open": [92.71572628232227, 0.872728115765392], "high": [92.88772618660124, 0.872728115765392], "low": [92.65419990813889, 0.872235859152015], "close": [92.65419990813889, 0.872235859152015], "volume": 19084.109623366625}, {"epoch": [1775066400, "2026-04-01T18:00:00Z"], "open": [95.1859596427483, 0.872761449859739], "high": [95.1859596427483, 0.872761449859739], "low": [92.71572628232227, 0.872728115765392], "close": [92.71572628232227, 0.872728115765392], "volume": 153.1273351893153}, {"epoch": [1775062800, "2026-04-01T17:00:00Z"], "open": [94.31866957376259, 0.872441159054234], "high": [95.40861671077002, 0.872761449859739], "low": [94.31866957376259, 0.872439708986788], "close": [95.1859596427483, 0.872761449859739], "volume": 6086.624630912623}, {"epoch": [1775059200, "2026-04-01T16:00:00Z"], "open": [92.19996980703291, 0.872588439679398], "high": [94.51678319217017, 0.872588439679398], "low": [92.19996980703291, 0.872441159054234], "close": [94.31866957376259, 0.872441159054234], "volume": 31.56521164252184}, {"epoch": [1775055600, "2026-04-01T15:00:00Z"], "open": [91.79419322763279, 0.872909093371697], "high": [92.19996980703291, 0.872909093371697], "low": [91.79419322763279, 0.872588439679398], "close": [92.19996980703291, 0.872588439679398], "volume": 5818.759585134465}, {"epoch": [1775052000, "2026-04-01T14:00:00Z"], "open": [92.19524371108031, 0.872732699598732], "high": [92.19524371108031, 0.872909093371697], "low": [91.62924810230227, 0.872732699598732], "close": [91.79419322763279, 0.872909093371697], "volume": 87.36628917549899}, {"epoch": [1775048400, "2026-04-01T13:00:00Z"], "open": [92.29593654622147, 0.872738324458031], "high": [92.29593654622147, 0.872908675521605], "low": [92.17669121300152, 0.872732699598732], "close": [92.19524371108031, 0.872732699598732], "volume": 16.317130970361937}, {"epoch": [1775044800, "2026-04-01T12:00:00Z"], "open": [93.6019522955238, 0.872756973417868], "high": [93.6019522955238, 0.872756973417868], "low": [92.29593654622147, 0.872738324458031], "close": [92.29593654622147, 0.872738324458031], "volume": 372.10217133224836}, {"epoch": [1775026800, "2026-04-01T07:00:00Z"], "open": [92.41211951399761, 0.872761548353532], "high": [93.6019522955238, 0.872761548353532], "low": [92.41211951399761, 0.872756973417868], "close": [93.6019522955238, 0.872756973417868], "volume": 185.3689842417375}, {"epoch": [1775016000, "2026-04-01T04:00:00Z"], "open": [92.18053510494725, 0.872761666666667], "high": [92.41211951399761, 0.872761666666667], "low": [92.18053510494725, 0.872761548353532], "close": [92.41211951399761, 0.872761548353532], "volume": 1.8132322436263133}, {"epoch": [1775005200, "2026-04-01T01:00:00Z"], "open": [91.49807245092151, 0.872762219133203], "high": [92.39424779721402, 0.872936095457746], "low": [91.49807245092151, 0.872761666666667], "close": [92.18053510494725, 0.872761666666667], "volume": 8.75439281725362}]}, {"epoch": [1774915200, "2026-03-31T00:00:00Z"], "tvl": null, "open": [91.17364509426812, 0.872656779848916], "high": [92.9268616947087, 0.872848491385114], "low": [89.61260348092765, 0.87246192893401], "close": [91.49807245092151, 0.872762219133203], "volume": 7466.57517691695, "hour_data": [{"epoch": [1774994400, "2026-03-31T22:00:00Z"], "open": [91.80711032620852, 0.872761506543658], "high": [91.80711032620852, 0.872762219133203], "low": [91.49807245092151, 0.872761506543658], "close": [91.49807245092151, 0.872762219133203], "volume": 36.2895659234021}, {"epoch": [1774990800, "2026-03-31T21:00:00Z"], "open": [89.96040497502003, 0.872764088157602], "high": [91.80711032620852, 0.872764088157602], "low": [89.96040497502003, 0.872761506543658], "close": [91.80711032620852, 0.872761506543658], "volume": 0.0574385677329304}, {"epoch": [1774972800, "2026-03-31T16:00:00Z"], "open": [90.57463662070549, 0.872765010733315], "high": [90.57463662070549, 0.872765010733315], "low": [89.96040497502003, 0.872764088157602], "close": [89.96040497502003, 0.872764088157602], "volume": 36.73137932099847}, {"epoch": [1774965600, "2026-03-31T14:00:00Z"], "open": [90.60494442050715, 0.872777722019878], "high": [90.64555627298795, 0.872777722019878], "low": [90.55524617805027, 0.872765010733315], "close": [90.57463662070549, 0.872765010733315], "volume": 248.14489413205277}, {"epoch": [1774962000, "2026-03-31T13:00:00Z"], "open": [91.29510624781543, 0.87246192893401], "high": [91.29510624781543, 0.872848491385114], "low": [89.61260348092765, 0.87246192893401], "close": [90.60494442050715, 0.872777722019878], "volume": 5666.67612506334}, {"epoch": [1774944000, "2026-03-31T08:00:00Z"], "open": [92.57546558512009, 0.872652183221333], "high": [92.57546558512009, 0.872652183221333], "low": [91.29510624781543, 0.87246192893401], "close": [91.29510624781543, 0.87246192893401], "volume": 0.001438810874465571}, {"epoch": [1774936800, "2026-03-31T06:00:00Z"], "open": [92.85541849847696, 0.872478149114244], "high": [92.85541849847696, 0.872652183221333], "low": [92.57546558512009, 0.872478149114244], "close": [92.57546558512009, 0.872652183221333], "volume": 372.0601945386468}, {"epoch": [1774926000, "2026-03-31T03:00:00Z"], "open": [92.64368120989624, 0.872475593913039], "high": [92.87424772114197, 0.872655156482229], "low": [92.64368120989624, 0.872475593913039], "close": [92.85541849847696, 0.872478149114244], "volume": 685.5861123579535}, {"epoch": [1774918800, "2026-03-31T01:00:00Z"], "open": [91.17364509426812, 0.872656779848916], "high": [92.9268616947087, 0.872656779848916], "low": [91.17364509426812, 0.872475593913039], "close": [92.64368120989624, 0.872475593913039], "volume": 421.0280282019484}]}, {"epoch": [1774742400, "2026-03-29T00:00:00Z"], "tvl": 173406.9974, "open": [90.8822651776188, 0.872745220955615], "high": [91.87496907401426, 0.872906634429494], "low": [89.59066572612431, 0.872698459703704], "close": [90.22501102967209, 0.872698459703704], "volume": 1670.0718066210788, "hour_data": [{"epoch": [1774825200, "2026-03-29T23:00:00Z"], "open": [89.59066572612431, 0.872729256583601], "high": [90.22501102967209, 0.872729256583601], "low": [89.59066572612431, 0.872698459703704], "close": [90.22501102967209, 0.872698459703704], "volume": 1218.0376489005732}, {"epoch": [1774821600, "2026-03-29T22:00:00Z"], "open": [90.75468656063427, 0.872729311434797], "high": [90.75468656063427, 0.872729311434797], "low": [89.59066572612431, 0.872729256583601], "close": [89.59066572612431, 0.872729256583601], "volume": 1.28828752307661}, {"epoch": [1774818000, "2026-03-29T21:00:00Z"], "open": [90.77840200634509, 0.872903985257295], "high": [90.77840200634509, 0.872903985257295], "low": [90.75468656063427, 0.872729311434797], "close": [90.75468656063427, 0.872729311434797], "volume": 1.3079549998821896}, {"epoch": [1774814400, "2026-03-29T20:00:00Z"], "open": [90.38552971692367, 0.872730662464295], "high": [90.77840200634509, 0.872903985257295], "low": [90.38552971692367, 0.872730662464295], "close": [90.77840200634509, 0.872903985257295], "volume": 1.3066735778763359}, {"epoch": [1774810800, "2026-03-29T19:00:00Z"], "open": [91.05849324302282, 0.872904205217597], "high": [91.05849324302282, 0.872906634429494], "low": [90.3820845512885, 0.872730662464295], "close": [90.38552971692367, 0.872730662464295], "volume": 79.24694155285184}, {"epoch": [1774792800, "2026-03-29T14:00:00Z"], "open": [90.78660156011188, 0.872726448342803], "high": [91.05849324302282, 0.872904205217597], "low": [90.78660156011188, 0.872726448342803], "close": [91.05849324302282, 0.872904205217597], "volume": 82.9292983003961}, {"epoch": [1774789200, "2026-03-29T13:00:00Z"], "open": [91.4813195651888, 0.872901150682252], "high": [91.4813195651888, 0.872901150682252], "low": [90.78660156011188, 0.872726448342803], "close": [90.78660156011188, 0.872726448342803], "volume": 1.2354194439133228}, {"epoch": [1774782000, "2026-03-29T11:00:00Z"], "open": [91.27168129032853, 0.872726681340118], "high": [91.4813195651888, 0.872901458135523], "low": [90.91610659992881, 0.872726681340118], "close": [91.4813195651888, 0.872901150682252], "volume": 1.3281793492030447}, {"epoch": [1774771200, "2026-03-29T08:00:00Z"], "open": [91.48022328461678, 0.872727106431053], "high": [91.48022328461678, 0.872727106431053], "low": [91.27168129032853, 0.872726681340118], "close": [91.27168129032853, 0.872726681340118], "volume": 8.474389413577171}, {"epoch": [1774760400, "2026-03-29T05:00:00Z"], "open": [91.8319814592484, 0.872738477099579], "high": [91.8319814592484, 0.872738477099579], "low": [91.48022328461678, 0.872727106431053], "close": [91.48022328461678, 0.872727106431053], "volume": 230.6384051294313}, {"epoch": [1774756800, "2026-03-29T04:00:00Z"], "open": [91.87496907401426, 0.872738682022102], "high": [91.87496907401426, 0.872738682022102], "low": [91.8319814592484, 0.872738477099579], "close": [91.8319814592484, 0.872738477099579], "volume": 4.11026183397575}, {"epoch": [1774753200, "2026-03-29T03:00:00Z"], "open": [91.46247535525715, 0.872739266657013], "high": [91.87496907401426, 0.872739266657013], "low": [91.46247535525715, 0.872738682022102], "close": [91.87496907401426, 0.872738682022102], "volume": 4.639932438779746}, {"epoch": [1774749600, "2026-03-29T02:00:00Z"], "open": [90.8822651776188, 0.872745220955615], "high": [91.49351750025046, 0.872745220955615], "low": [90.8822651776188, 0.872739266657013], "close": [91.46247535525715, 0.872739266657013], "volume": 35.52841415754224}]}, {"epoch": [1774656000, "2026-03-28T00:00:00Z"], "tvl": 170557.6934, "open": [91.58775921348527, 0.873063173933427], "high": [92.99385465107116, 0.873063173933427], "low": [90.8822651776188, 0.872745220955615], "close": [90.8822651776188, 0.872745220955615], "volume": 2878.5173124403823, "hour_data": [{"epoch": [1774738800, "2026-03-28T23:00:00Z"], "open": [91.82815133770853, 0.872774032303885], "high": [91.82815133770853, 0.872774032303885], "low": [90.8822651776188, 0.872745220955615], "close": [90.8822651776188, 0.872745220955615], "volume": 653.4798264616943}, {"epoch": [1774731600, "2026-03-28T21:00:00Z"], "open": [92.25339725608326, 0.872774259053671], "high": [92.25339725608326, 0.872774259053671], "low": [91.82815133770853, 0.872774032303885], "close": [91.82815133770853, 0.872774032303885], "volume": 5.324459945010982}, {"epoch": [1774728000, "2026-03-28T20:00:00Z"], "open": [92.27278808227791, 0.872784777233513], "high": [92.27278808227791, 0.872784777233513], "low": [92.25339725608326, 0.872774259053671], "close": [92.25339725608326, 0.872774259053671], "volume": 3.523927280316716}, {"epoch": [1774720800, "2026-03-28T18:00:00Z"], "open": [92.83163517972963, 0.872795189006004], "high": [92.83163517972963, 0.872795189006004], "low": [92.27278808227791, 0.872784777233513], "close": [92.27278808227791, 0.872784777233513], "volume": 407.03604843189515}, {"epoch": [1774713600, "2026-03-28T16:00:00Z"], "open": [92.99385465107116, 0.872822462315377], "high": [92.99385465107116, 0.872822462315377], "low": [92.83163517972963, 0.872795189006004], "close": [92.83163517972963, 0.872795189006004], "volume": 2.0127297479707544}, {"epoch": [1774710000, "2026-03-28T15:00:00Z"], "open": [91.62607370636258, 0.872850502043317], "high": [92.99385465107116, 0.872850502043317], "low": [91.62607370636258, 0.872822462315377], "close": [92.99385465107116, 0.872822462315377], "volume": 1069.1755483509694}, {"epoch": [1774702800, "2026-03-28T13:00:00Z"], "open": [91.77713365941526, 0.872862342075026], "high": [91.77713365941526, 0.872862342075026], "low": [91.62607370636258, 0.872850502043317], "close": [91.62607370636258, 0.872850502043317], "volume": 60.14820451502426}, {"epoch": [1774692000, "2026-03-28T10:00:00Z"], "open": [92.35451109266462, 0.872879503466756], "high": [92.35451109266462, 0.872879503466756], "low": [91.77713365941526, 0.872862342075026], "close": [91.77713365941526, 0.872862342075026], "volume": 375.7081926611926}, {"epoch": [1774681200, "2026-03-28T07:00:00Z"], "open": [91.50209192424613, 0.872887209873497], "high": [92.35451109266462, 0.872887209873497], "low": [91.50209192424613, 0.872879503466756], "close": [92.35451109266462, 0.872879503466756], "volume": 292.4683780313358}, {"epoch": [1774663200, "2026-03-28T02:00:00Z"], "open": [91.58775921348527, 0.873063173933427], "high": [91.58775921348527, 0.873063173933427], "low": [91.50209192424613, 0.872887209873497], "close": [91.50209192424613, 0.872887209873497], "volume": 9.639997014972122}]}, {"epoch": [1774569600, "2026-03-27T00:00:00Z"], "tvl": 172504.8202, "open": [96.20484615205599, 0.873020782047725], "high": [96.20484615205599, 0.873120704806507], "low": [90.91933700267123, 0.872861654456894], "close": [91.58775921348527, 0.873063173933427], "volume": 2837.5383381293345, "hour_data": [{"epoch": [1774652400, "2026-03-27T23:00:00Z"], "open": [90.91933700267123, 0.872887270668508], "high": [91.58775921348527, 0.873063173933427], "low": [90.91933700267123, 0.872887270668508], "close": [91.58775921348527, 0.873063173933427], "volume": 0.031257070464378256}, {"epoch": [1774634400, "2026-03-27T18:00:00Z"], "open": [91.99307592313393, 0.873059918246515], "high": [91.99307592313393, 0.873059918246515], "low": [90.91933700267123, 0.872887270668508], "close": [90.91933700267123, 0.872887270668508], "volume": 0.18628372039140306}, {"epoch": [1774620000, "2026-03-27T14:00:00Z"], "open": [92.02442328008908, 0.872861654456894], "high": [92.12545319975938, 0.873059918246515], "low": [91.99307592313393, 0.872861654456894], "close": [91.99307592313393, 0.873059918246515], "volume": 499.68341754181665}, {"epoch": [1774616400, "2026-03-27T13:00:00Z"], "open": [92.29204079153615, 0.873103387434523], "high": [92.29204079153615, 0.873103387434523], "low": [92.02442328008908, 0.872861654456894], "close": [92.02442328008908, 0.872861654456894], "volume": 1304.0687751985479}, {"epoch": [1774609200, "2026-03-27T11:00:00Z"], "open": [91.74521446121702, 0.87293106320238], "high": [92.29204079153615, 0.873103387434523], "low": [91.74521446121702, 0.87293106320238], "close": [92.29204079153615, 0.873103387434523], "volume": 1.0921894559574454}, {"epoch": [1774605600, "2026-03-27T10:00:00Z"], "open": [95.31621327972485, 0.872935264419963], "high": [95.31621327972485, 0.872935264419963], "low": [91.74521446121702, 0.87293106320238], "close": [91.74521446121702, 0.87293106320238], "volume": 123.72864732717993}, {"epoch": [1774591200, "2026-03-27T06:00:00Z"], "open": [95.28032014636128, 0.872937431049903], "high": [95.31655714744431, 0.872937431049903], "low": [95.28032014636128, 0.872935264419963], "close": [95.31621327972485, 0.872935264419963], "volume": 51.064081088923544}, {"epoch": [1774584000, "2026-03-27T04:00:00Z"], "open": [95.97704977615759, 0.872946078999088], "high": [95.97704977615759, 0.873111486456589], "low": [95.16945886345681, 0.872935720232825], "close": [95.28032014636128, 0.872937431049903], "volume": 254.5095049005758}, {"epoch": [1774576800, "2026-03-27T02:00:00Z"], "open": [95.70275833551976, 0.872944093327306], "high": [95.99624920921995, 0.873120704806507], "low": [95.70275833551976, 0.872944093327306], "close": [95.97704977615759, 0.872946078999088], "volume": 383.25767056731513}, {"epoch": [1774573200, "2026-03-27T01:00:00Z"], "open": [95.82530088032553, 0.87294670599755], "high": [95.82530088032553, 0.87294670599755], "low": [95.70275833551976, 0.872944093327306], "close": [95.70275833551976, 0.872944093327306], "volume": 109.79872257791945}, {"epoch": [1774569600, "2026-03-27T00:00:00Z"], "open": [96.20484615205599, 0.873020782047725], "high": [96.20484615205599, 0.873119899443382], "low": [95.6310307968265, 0.87294670599755], "close": [95.82530088032553, 0.87294670599755], "volume": 110.11778868024297}]}, {"epoch": [1774483200, "2026-03-26T00:00:00Z"], "tvl": 180886.399, "open": [101.13970626912251, 0.873159], "high": [101.65548281162985, 0.873336004001225], "low": [94.79761274789507, 0.873020782047725], "close": [96.20484615205599, 0.873020782047725], "volume": 4755.750958669779, "hour_data": [{"epoch": [1774558800, "2026-03-26T21:00:00Z"], "open": [94.79761274789507, 0.87310482258877], "high": [96.20484615205599, 0.87310482258877], "low": [94.79761274789507, 0.873020782047725], "close": [96.20484615205599, 0.873020782047725], "volume": 3261.9622824554694}, {"epoch": [1774555200, "2026-03-26T20:00:00Z"], "open": [95.90612786259022, 0.873121134210526], "high": [95.90612786259022, 0.873121134210526], "low": [94.79761274789507, 0.87310482258877], "close": [94.79761274789507, 0.87310482258877], "volume": 388.94303255827845}, {"epoch": [1774548000, "2026-03-26T18:00:00Z"], "open": [96.86958449127354, 0.873126105708116], "high": [96.86958449127354, 0.873126105708116], "low": [95.90612786259022, 0.873121134210526], "close": [95.90612786259022, 0.873121134210526], "volume": 109.33298576335285}, {"epoch": [1774544400, "2026-03-26T17:00:00Z"], "open": [96.8975778690426, 0.873133161530515], "high": [96.8975778690426, 0.873133161530515], "low": [96.86958449127354, 0.873126105708116], "close": [96.86958449127354, 0.873126105708116], "volume": 103.38498508432103}, {"epoch": [1774530000, "2026-03-26T13:00:00Z"], "open": [97.02035243090786, 0.87331510406374], "high": [97.02035243090786, 0.87331510406374], "low": [96.8975778690426, 0.873133161530515], "close": [96.8975778690426, 0.873133161530515], "volume": 258.42936830737347}, {"epoch": [1774526400, "2026-03-26T12:00:00Z"], "open": [100.69063836470556, 0.873142690498172], "high": [100.69063836470556, 0.87331510406374], "low": [97.02035243090786, 0.873142690498172], "close": [97.02035243090786, 0.87331510406374], "volume": 4.474965862340022}, {"epoch": [1774494000, "2026-03-26T03:00:00Z"], "open": [101.11806460729541, 0.87314993574488], "high": [101.11806460729541, 0.87314993574488], "low": [100.69063836470556, 0.873142690498172], "close": [100.69063836470556, 0.873142690498172], "volume": 106.13824879368141}, {"epoch": [1774490400, "2026-03-26T02:00:00Z"], "open": [101.59306481981417, 0.873159234801816], "high": [101.59306481981417, 0.873159234801816], "low": [101.11806460729541, 0.87314993574488], "close": [101.11806460729541, 0.87314993574488], "volume": 218.6248573325976}, {"epoch": [1774486800, "2026-03-26T01:00:00Z"], "open": [101.13970626912251, 0.873159], "high": [101.65548281162985, 0.873336004001225], "low": [101.13970626912251, 0.873159], "close": [101.59306481981417, 0.873159234801816], "volume": 304.46023251236426}]}, {"epoch": [1774396800, "2026-03-25T00:00:00Z"], "tvl": 198972.3559, "open": [99.95783908685483, 0.873174745920481], "high": [103.10685119369319, 0.873336225310571], "low": [99.95783908685483, 0.873159], "close": [101.13970626912251, 0.873159], "volume": 348.37865193728965, "hour_data": [{"epoch": [1774468800, "2026-03-25T20:00:00Z"], "open": [102.01198372393475, 0.873159276821387], "high": [102.01198372393475, 0.873159276821387], "low": [101.13970626912251, 0.873159], "close": [101.13970626912251, 0.873159], "volume": 1.011397062691225}, {"epoch": [1774450800, "2026-03-25T15:00:00Z"], "open": [103.08135736612574, 0.87316056696444], "high": [103.08135736612574, 0.87316056696444], "low": [102.01198372393475, 0.873159276821387], "close": [102.01198372393475, 0.873159276821387], "volume": 9.511380995002197}, {"epoch": [1774443600, "2026-03-25T13:00:00Z"], "open": [102.35628662380034, 0.873161413022618], "high": [103.10685119369319, 0.873336225310571], "low": [102.35628662380034, 0.87316056696444], "close": [103.08135736612574, 0.87316056696444], "volume": 54.09443957166216}, {"epoch": [1774432800, "2026-03-25T10:00:00Z"], "open": [102.0946339722309, 0.873336188804719], "high": [102.35628662380034, 0.873336188804719], "low": [102.0946339722309, 0.873161413022618], "close": [102.35628662380034, 0.873161413022618], "volume": 1.3760521235861427}, {"epoch": [1774425600, "2026-03-25T08:00:00Z"], "open": [102.45807505350524, 0.873336136035508], "high": [102.45807505350524, 0.873336188804719], "low": [102.0946339722309, 0.873336136035508], "close": [102.0946339722309, 0.873336188804719], "volume": 1.3739085208589095}, {"epoch": [1774414800, "2026-03-25T05:00:00Z"], "open": [100.61497613141626, 0.873167591989415], "high": [102.45807505350524, 0.873336136035508], "low": [100.61497613141626, 0.873167591989415], "close": [102.45807505350524, 0.873336136035508], "volume": 2.13053554852295}, {"epoch": [1774407600, "2026-03-25T03:00:00Z"], "open": [99.95783908685483, 0.873174745920481], "high": [100.61497613141626, 0.873174745920481], "low": [99.95783908685483, 0.873167591989415], "close": [100.61497613141626, 0.873167591989415], "volume": 278.8809381149661}]}, {"epoch": [1774310400, "2026-03-24T00:00:00Z"], "tvl": 197388.9206, "open": [101.37667418736493, 0.873214681040902], "high": [101.88796782303751, 0.87340472001491], "low": [98.44103332320174, 0.873115379055977], "close": [99.95783908685483, 0.873174745920481], "volume": 8247.58839868363, "hour_data": [{"epoch": [1774389600, "2026-03-24T22:00:00Z"], "open": [99.66587845636141, 0.873175794688613], "high": [99.95783908685483, 0.873175794688613], "low": [99.66587845636141, 0.873174745920481], "close": [99.95783908685483, 0.873174745920481], "volume": 40.629409644791465}, {"epoch": [1774386000, "2026-03-24T21:00:00Z"], "open": [99.02012263349397, 0.873350585370364], "high": [99.66587845636141, 0.873350585370364], "low": [99.02012263349397, 0.873175794688613], "close": [99.66587845636141, 0.873175794688613], "volume": 6.372728459437321}, {"epoch": [1774375200, "2026-03-24T18:00:00Z"], "open": [98.44103332320174, 0.87322170433331], "high": [99.02012263349397, 0.873350585370364], "low": [98.44103332320174, 0.87322170433331], "close": [99.02012263349397, 0.873350585370364], "volume": 2.6828893253790995}, {"epoch": [1774371600, "2026-03-24T17:00:00Z"], "open": [99.45747527952976, 0.8733661193474], "high": [99.45747527952976, 0.8733661193474], "low": [98.44103332320174, 0.87322170433331], "close": [98.44103332320174, 0.87322170433331], "volume": 2005.555682522139}, {"epoch": [1774368000, "2026-03-24T16:00:00Z"], "open": [98.85715460379656, 0.873289967538261], "high": [99.45747527952976, 0.8733661193474], "low": [98.85715460379656, 0.873289967538261], "close": [99.45747527952976, 0.8733661193474], "volume": 3238.2647198238956}, {"epoch": [1774360800, "2026-03-24T14:00:00Z"], "open": [101.48727518657103, 0.873115788988658], "high": [101.48727518657103, 0.873289967538261], "low": [98.85715460379656, 0.873115379055977], "close": [98.85715460379656, 0.873289967538261], "volume": 10.232820754877453}, {"epoch": [1774353600, "2026-03-24T12:00:00Z"], "open": [101.53775411884747, 0.873166306538664], "high": [101.53775411884747, 0.873317189320679], "low": [101.48727518657103, 0.873115788988658], "close": [101.48727518657103, 0.873115788988658], "volume": 581.7603494772258}, {"epoch": [1774350000, "2026-03-24T11:00:00Z"], "open": [101.7440249577743, 0.873365433308354], "high": [101.7440249577743, 0.873365433308354], "low": [101.29936425083646, 0.873166306538664], "close": [101.53775411884747, 0.873166306538664], "volume": 1047.7574918632963}, {"epoch": [1774346400, "2026-03-24T10:00:00Z"], "open": [100.02923198962804, 0.873190863935191], "high": [101.88796782303751, 0.873365433308354], "low": [100.02923198962804, 0.873172462739532], "close": [101.7440249577743, 0.873365433308354], "volume": 7.626098291270413}, {"epoch": [1774324800, "2026-03-24T04:00:00Z"], "open": [100.33300131261305, 0.873229951543044], "high": [100.33300131261305, 0.873229951543044], "low": [99.95585814306023, 0.873190863935191], "close": [100.02923198962804, 0.873190863935191], "volume": 835.0959149586745}, {"epoch": [1774310400, "2026-03-24T00:00:00Z"], "open": [101.37667418736493, 0.873214681040902], "high": [101.37667418736493, 0.87340472001491], "low": [100.33300131261305, 0.87321390960363], "close": [100.33300131261305, 0.873229951543044], "volume": 471.61029356264316}]}, {"epoch": [1774224000, "2026-03-23T00:00:00Z"], "tvl": 188224.7222, "open": [95.69803671874284, 0.871296629052086], "high": [101.40884079148087, 0.873215968095909], "low": [94.48819330233538, 0.871061459474036], "close": [101.37667418736493, 0.873214681040902], "volume": 47518.067690686235, "hour_data": [{"epoch": [1774303200, "2026-03-23T22:00:00Z"], "open": [101.3044230270096, 0.871240471240471], "high": [101.37667418736493, 0.873215968095909], "low": [101.25723333306084, 0.871240471240471], "close": [101.37667418736493, 0.873214681040902], "volume": 45889.12060557111}, {"epoch": [1774299600, "2026-03-23T21:00:00Z"], "open": [101.40884079148087, 0.871061459474036], "high": [101.40884079148087, 0.871240471240471], "low": [101.3044230270096, 0.871061459474036], "close": [101.3044230270096, 0.871240471240471], "volume": 0.014618228242797486}, {"epoch": [1774296000, "2026-03-23T20:00:00Z"], "open": [101.03723352814498, 0.871068038229101], "high": [101.40884079148087, 0.871068038229101], "low": [101.03723352814498, 0.871061459474036], "close": [101.40884079148087, 0.871061459474036], "volume": 30.148549819138797}, {"epoch": [1774288800, "2026-03-23T18:00:00Z"], "open": [98.9456299096387, 0.871075100419284], "high": [101.03723352814498, 0.871075100419284], "low": [98.9456299096387, 0.871068038229101], "close": [101.03723352814498, 0.871068038229101], "volume": 252.50629969574416}, {"epoch": [1774281600, "2026-03-23T16:00:00Z"], "open": [100.83784463698784, 0.87107963556562], "high": [100.83784463698784, 0.87107963556562], "low": [98.9456299096387, 0.871075100419284], "close": [98.9456299096387, 0.871075100419284], "volume": 113.98678519159863}, {"epoch": [1774274400, "2026-03-23T14:00:00Z"], "open": [99.41186942497997, 0.871087706907099], "high": [100.92343698164376, 0.871087706907099], "low": [99.41186942497997, 0.87107963556562], "close": [100.83784463698784, 0.87107963556562], "volume": 167.43645043816625}, {"epoch": [1774270800, "2026-03-23T13:00:00Z"], "open": [99.19370975231709, 0.871087710758497], "high": [99.41186942497997, 0.871262206249556], "low": [99