{"meta": {"pool_address": "BVXNG6BrL2Tn3NmppnMeXHjBHTaQSnSnLE99JKwZSWPg", "name": "MNDE / mSOL", "fee": "<EMPTY>", "network": "solana", "dex": "orca", "base": {"address": "MNDEFzGvMt87ueuHvVU9VcTqsAP5b3fTGPsHuuPA5ey", "name": "Marinade", "symbol": "MNDE"}, "quote": {"address": "mSoLzYCxHdYgdzU16g5QSh3i5K3z3KZK7ytfqcJm7So", "name": "Marinade staked SOL (mSOL)", "symbol": "mSOL"}, "pool_created_at": [1688567584, "2023-07-05T14:33:04Z"], "metadata_last_update": [1776992402, "2026-04-24T01:00:02Z"]}, "data": [{"epoch": [1776902400, "2026-04-23T00:00:00Z"], "tvl": 271831.5751, "open": [0.01935687846371627, 0.000161268489757581], "high": [0.01935687846371627, 0.000166025481996897], "low": [0.0188510148785571, 0.000158073965045915], "close": [0.018921983442089004, 0.000165447677493111], "volume": 382.0035485788232, "hour_data": [{"epoch": [1776963600, "2026-04-23T17:00:00Z"], "open": [0.01907279130464489, 0.000165070576127949], "high": [0.01907279130464489, 0.000166025481996897], "low": [0.0188510148785571, 0.000158073965045915], "close": [0.018921983442089004, 0.000165447677493111], "volume": 282.31587113042707}, {"epoch": [1776934800, "2026-04-23T09:00:00Z"], "open": [0.019129345420869245, 0.000164495887245489], "high": [0.019129345420869245, 0.000165070576127949], "low": [0.01907279130464489, 0.000164495887245489], "close": [0.01907279130464489, 0.000165070576127949], "volume": 8.841483550474166}, {"epoch": [1776931200, "2026-04-23T08:00:00Z"], "open": [0.019141667158638007, 0.000164114854215025], "high": [0.019141667158638007, 0.000164710333544237], "low": [0.019129345420869245, 0.000164114854215025], "close": [0.019129345420869245, 0.000164495887245489], "volume": 9.35882813314225}, {"epoch": [1776913200, "2026-04-23T03:00:00Z"], "open": [0.01921570857163763, 0.000163384146287918], "high": [0.01921570857163763, 0.000164114854215025], "low": [0.019141667158638007, 0.000163384146287918], "close": [0.019141667158638007, 0.000164114854215025], "volume": 19.814169789383513}, {"epoch": [1776909600, "2026-04-23T02:00:00Z"], "open": [0.019184510971940533, 0.000162657760024809], "high": [0.01921570857163763, 0.000163384146287918], "low": [0.019184510971940533, 0.000162657760024809], "close": [0.01921570857163763, 0.000163384146287918], "volume": 19.907015451271473}, {"epoch": [1776902400, "2026-04-23T00:00:00Z"], "open": [0.01935687846371627, 0.000161268489757581], "high": [0.01935687846371627, 0.000162657760024809], "low": [0.019184510971940533, 0.000161268489757581], "close": [0.019184510971940533, 0.000162657760024809], "volume": 41.766180524124714}]}, {"epoch": [1776816000, "2026-04-22T00:00:00Z"], "tvl": 272897.7209, "open": [0.019354018845959775, 0.000165312961583151], "high": [0.019614294181688214, 0.000165312961583151], "low": [0.018906920452437043, 0.000157984237704461], "close": [0.01935687846371627, 0.000161268489757581], "volume": 371.7248772046488, "hour_data": [{"epoch": [1776884400, "2026-04-22T19:00:00Z"], "open": [0.01960366363027079, 0.000157984237704461], "high": [0.01960366363027079, 0.000161268489757581], "low": [0.01935687846371627, 0.000157984237704461], "close": [0.01935687846371627, 0.000161268489757581], "volume": 19.27446408161734}, {"epoch": [1776859200, "2026-04-22T12:00:00Z"], "open": [0.019584042386339057, 0.000158768421718697], "high": [0.01960366363027079, 0.000158768421718697], "low": [0.01956864618066198, 0.000157984237704461], "close": [0.01960366363027079, 0.000157984237704461], "volume": 32.14287475177471}, {"epoch": [1776852000, "2026-04-22T10:00:00Z"], "open": [0.019614294181688214, 0.000158832956810876], "high": [0.019614294181688214, 0.000158832956810876], "low": [0.019584042386339057, 0.000158768421718697], "close": [0.019584042386339057, 0.000158768421718697], "volume": 2.7382639068151238}, {"epoch": [1776848400, "2026-04-22T09:00:00Z"], "open": [0.01948783718128629, 0.000159495245705765], "high": [0.019614294181688214, 0.000159495245705765], "low": [0.01948783718128629, 0.000158832956810876], "close": [0.019614294181688214, 0.000158832956810876], "volume": 18.332675396334526}, {"epoch": [1776844800, "2026-04-22T08:00:00Z"], "open": [0.018906920452437043, 0.000162801019936759], "high": [0.01948783718128629, 0.000162801019936759], "low": [0.018906920452437043, 0.000159495245705765], "close": [0.01948783718128629, 0.000159495245705765], "volume": 5.249293058821133}, {"epoch": [1776816000, "2026-04-22T00:00:00Z"], "open": [0.019354018845959775, 0.000165312961583151], "high": [0.019354018845959775, 0.000165312961583151], "low": [0.018906920452437043, 0.000159467953579049], "close": [0.018906920452437043, 0.000162801019936759], "volume": 293.987306009286}]}, {"epoch": [1776729600, "2026-04-21T00:00:00Z"], "tvl": 268921.2793, "open": [0.019797195124419433, 0.000165504777565029], "high": [0.019797195124419433, 0.000165504777565029], "low": [0.01917153005316818, 0.000160362630501535], "close": [0.019354018845959775, 0.000165312961583151], "volume": 424.6023797508252, "hour_data": [{"epoch": [1776769200, "2026-04-21T11:00:00Z"], "open": [0.01917153005316818, 0.000164050475053393], "high": [0.019354018845959775, 0.000165312961583151], "low": [0.01917153005316818, 0.000164050475053393], "close": [0.019354018845959775, 0.000165312961583151], "volume": 49.115443419552356}, {"epoch": [1776751200, "2026-04-21T06:00:00Z"], "open": [0.019209870640143373, 0.000163410963817656], "high": [0.019209870640143373, 0.000164050475053393], "low": [0.01917153005316818, 0.000163410963817656], "close": [0.01917153005316818, 0.000164050475053393], "volume": 19.313010971328865}, {"epoch": [1776747600, "2026-04-21T05:00:00Z"], "open": [0.01956457235014936, 0.000164841374634098], "high": [0.019607291426977726, 0.000164934011819106], "low": [0.01920913237539022, 0.000160362630501535], "close": [0.019209870640143373, 0.000163410963817656], "volume": 336.49801321161}, {"epoch": [1776733200, "2026-04-21T01:00:00Z"], "open": [0.019632026283213238, 0.000165003019275253], "high": [0.019632026283213238, 0.000165003019275253], "low": [0.01956457235014936, 0.000164841374634098], "close": [0.01956457235014936, 0.000164841374634098], "volume": 5.915054981482407}, {"epoch": [1776729600, "2026-04-21T00:00:00Z"], "open": [0.019797195124419433, 0.000165504777565029], "high": [0.019797195124419433, 0.000165504777565029], "low": [0.01953058327203409, 0.000165003019275253], "close": [0.019632026283213238, 0.000165003019275253], "volume": 13.760857166851599}]}, {"epoch": [1776643200, "2026-04-20T00:00:00Z"], "tvl": 277999.546, "open": [0.01922227026577979, 0.000172041534843573], "high": [0.019797195124419433, 0.000172041534843573], "low": [0.01846176074619851, 0.000155822623545233], "close": [0.019797195124419433, 0.000165504777565029], "volume": 1854.103134967282, "hour_data": [{"epoch": [1776722400, "2026-04-20T22:00:00Z"], "open": [0.019794026859973304, 0.000166114973821337], "high": [0.019797195124419433, 0.000166114973821337], "low": [0.019791526684919007, 0.000165504777565029], "close": [0.019797195124419433, 0.000165504777565029], "volume": 17.0039498579934}, {"epoch": [1776718800, "2026-04-20T21:00:00Z"], "open": [0.019600687492060127, 0.000163062852288103], "high": [0.019794026859973304, 0.000169352098511227], "low": [0.019552746347489137, 0.000163062852288103], "close": [0.019794026859973304, 0.000166114973821337], "volume": 104.89100315736704}, {"epoch": [1776711600, "2026-04-20T19:00:00Z"], "open": [0.019560376695769835, 0.00016347343133362], "high": [0.019600687492060127, 0.00016347343133362], "low": [0.019560376695769835, 0.000163062852288103], "close": [0.019600687492060127, 0.000163062852288103], "volume": 5.0090265721105975}, {"epoch": [1776704400, "2026-04-20T17:00:00Z"], "open": [0.019402956803902853, 0.000164255130355488], "high": [0.019560376695769835, 0.000164255130355488], "low": [0.019402956803902853, 0.00016347343133362], "close": [0.019560376695769835, 0.00016347343133362], "volume": 24.831141439503433}, {"epoch": [1776690000, "2026-04-20T13:00:00Z"], "open": [0.018925058906036556, 0.000166611316313816], "high": [0.019402956803902853, 0.000166611316313816], "low": [0.018925058906036556, 0.000164255130355488], "close": [0.019402956803902853, 0.000164255130355488], "volume": 8.181925841122075}, {"epoch": [1776661200, "2026-04-20T05:00:00Z"], "open": [0.018968287484659195, 0.000165766963998966], "high": [0.018968287484659195, 0.000167365049854005], "low": [0.018925058906036556, 0.000165766963998966], "close": [0.018925058906036556, 0.000166611316313816], "volume": 39.260583192932096}, {"epoch": [1776657600, "2026-04-20T04:00:00Z"], "open": [0.019396502109435616, 0.000168196668975572], "high": [0.019502119026899946, 0.000168196668975572], "low": [0.01846176074619851, 0.000155822623545233], "close": [0.018968287484659195, 0.000165766963998966], "volume": 1452.1587343740327}, {"epoch": [1776650400, "2026-04-20T02:00:00Z"], "open": [0.019526307671566587, 0.000168293439509644], "high": [0.019650672771134213, 0.000168293439509644], "low": [0.019396502109435616, 0.000165007488875697], "close": [0.019396502109435616, 0.000168196668975572], "volume": 173.84588437641315}, {"epoch": [1776643200, "2026-04-20T00:00:00Z"], "open": [0.01922227026577979, 0.000172041534843573], "high": [0.019707401855619127, 0.000172041534843573], "low": [0.01922227026577979, 0.000168293439509644], "close": [0.019526307671566587, 0.000168293439509644], "volume": 28.92088615580742}]}, {"epoch": [1776556800, "2026-04-19T00:00:00Z"], "tvl": 277352.8127, "open": [0.019974169348831512, 0.000169976885246547], "high": [0.02022874634886297, 0.000172741015332607], "low": [0.01913644575444434, 0.000166269817111488], "close": [0.01922227026577979, 0.000172041534843573], "volume": 556.9615123867798, "hour_data": [{"epoch": [1776636000, "2026-04-19T22:00:00Z"], "open": [0.020204620277536618, 0.000166269817111488], "high": [0.020204620277536618, 0.000172041534843573], "low": [0.01913644575444434, 0.000166269817111488], "close": [0.01922227026577979, 0.000172041534843573], "volume": 69.21163460878508}, {"epoch": [1776607200, "2026-04-19T14:00:00Z"], "open": [0.020183891944256484, 0.000167457600285068], "high": [0.02022874634886297, 0.000167457600285068], "low": [0.02016757922720988, 0.000166269817111488], "close": [0.020204620277536618, 0.000166269817111488], "volume": 30.698973250201202}, {"epoch": [1776603600, "2026-04-19T13:00:00Z"], "open": [0.019947369253345077, 0.00016823514904641], "high": [0.020183891944256484, 0.00016823514904641], "low": [0.019947369253345077, 0.000167457600285068], "close": [0.020183891944256484, 0.000167457600285068], "volume": 22.718845762952895}, {"epoch": [1776600000, "2026-04-19T12:00:00Z"], "open": [0.019898730641906687, 0.000168391513676588], "high": [0.019947369253345077, 0.000168391513676588], "low": [0.019898730641906687, 0.00016823514904641], "close": [0.019947369253345077, 0.00016823514904641], "volume": 4.872811054898644}, {"epoch": [1776596400, "2026-04-19T11:00:00Z"], "open": [0.019716906881851435, 0.000168516534516797], "high": [0.019898730641906687, 0.000168516534516797], "low": [0.019716906881851435, 0.000168391513676588], "close": [0.019898730641906687, 0.000168391513676588], "volume": 0.8168298190061618}, {"epoch": [1776592800, "2026-04-19T10:00:00Z"], "open": [0.019725640403359463, 0.000171854948583716], "high": [0.019725640403359463, 0.000171854948583716], "low": [0.019716906881851435, 0.000168516534516797], "close": [0.019716906881851435, 0.000168516534516797], "volume": 10.96493790300879}, {"epoch": [1776589200, "2026-04-19T09:00:00Z"], "open": [0.019765900409387915, 0.000171371643998158], "high": [0.019765900409387915, 0.000171854948583716], "low": [0.019725640403359463, 0.000171371643998158], "close": [0.019725640403359463, 0.000171854948583716], "volume": 19.736140364862823}, {"epoch": [1776585600, "2026-04-19T08:00:00Z"], "open": [0.019748570935390224, 0.000172741015332607], "high": [0.019765900409387915, 0.000172741015332607], "low": [0.01960112290037698, 0.000166506815011432], "close": [0.019765900409387915, 0.000171371643998158], "volume": 316.7083581624192}, {"epoch": [1776582000, "2026-04-19T07:00:00Z"], "open": [0.019880663061901768, 0.000171416505421528], "high": [0.019880663061901768, 0.000172741015332607], "low": [0.019748570935390224, 0.000171416505421528], "close": [0.019748570935390224, 0.000172741015332607], "volume": 41.60739069212004}, {"epoch": [1776564000, "2026-04-19T02:00:00Z"], "open": [0.019974169348831512, 0.000169976885246547], "high": [0.019974169348831512, 0.000171416505421528], "low": [0.019880663061901768, 0.000169976885246547], "close": [0.019880663061901768, 0.000171416505421528], "volume": 39.62559076852495}]}, {"epoch": [1776470400, "2026-04-18T00:00:00Z"], "tvl": 283299.2746, "open": [0.020342528524296157, 0.000161027304100987], "high": [0.020342528524296157, 0.000169976885246547], "low": [0.019272813408508803, 0.000161027304100987], "close": [0.019974169348831512, 0.000169976885246547], "volume": 163.09586988445952, "hour_data": [{"epoch": [1776535200, "2026-04-18T18:00:00Z"], "open": [0.020083013006784813, 0.000169315865592924], "high": [0.020083013006784813, 0.000169976885246547], "low": [0.019974169348831512, 0.000169315865592924], "close": [0.019974169348831512, 0.000169976885246547], "volume": 19.111997326863957}, {"epoch": [1776528000, "2026-04-18T16:00:00Z"], "open": [0.02006296993402214, 0.000169008430310735], "high": [0.020083013006784813, 0.000169315865592924], "low": [0.02006296993402214, 0.000169008430310735], "close": [0.020083013006784813, 0.000169315865592924], "volume": 14.162959781717067}, {"epoch": [1776524400, "2026-04-18T15:00:00Z"], "open": [0.019272813408508803, 0.000168596231727278], "high": [0.02006359755825427, 0.000169008430310735], "low": [0.019272813408508803, 0.000168596231727278], "close": [0.02006296993402214, 0.000169008430310735], "volume": 5.2140465098200774}, {"epoch": [1776510000, "2026-04-18T11:00:00Z"], "open": [0.01953304759475168, 0.000166974810601428], "high": [0.01953304759475168, 0.000168596231727278], "low": [0.019272813408508803, 0.000166974810601428], "close": [0.019272813408508803, 0.000168596231727278], "volume": 40.136862049257495}, {"epoch": [1776499200, "2026-04-18T08:00:00Z"], "open": [0.019693122648369088, 0.000165053721012444], "high": [0.019693122648369088, 0.000166974810601428], "low": [0.01953304759475168, 0.000165053721012444], "close": [0.01953304759475168, 0.000166974810601428], "volume": 58.27333825876525}, {"epoch": [1776488400, "2026-04-18T05:00:00Z"], "open": [0.01974429040715155, 0.000164803846141668], "high": [0.01974429040715155, 0.000165053721012444], "low": [0.019693122648369088, 0.000164803846141668], "close": [0.019693122648369088, 0.000165053721012444], "volume": 7.3509531352695765}, {"epoch": [1776481200, "2026-04-18T03:00:00Z"], "open": [0.019734375587854333, 0.000164418970864353], "high": [0.01974429040715155, 0.000164803846141668], "low": [0.019734375587854333, 0.000164418970864353], "close": [0.01974429040715155, 0.000164803846141668], "volume": 8.984221823997876}, {"epoch": [1776474000, "2026-04-18T01:00:00Z"], "open": [0.020342528524296157, 0.000161027304100987], "high": [0.020342528524296157, 0.000164418970864353], "low": [0.019734375587854333, 0.000161027304100987], "close": [0.019734375587854333, 0.000164418970864353], "volume": 9.861490998768234}]}, {"epoch": [1776384000, "2026-04-17T00:00:00Z"], "tvl": 283942.6189, "open": [0.020223669923350007, 0.000160046335993699], "high": [0.020342528524296157, 0.000169755554971436], "low": [0.019244682156105464, 0.000160046335993699], "close": [0.020342528524296157, 0.000161027304100987], "volume": 375.52885036196255, "hour_data": [{"epoch": [1776434400, "2026-04-17T14:00:00Z"], "open": [0.020313335117139744, 0.000161411481262983], "high": [0.020342528524296157, 0.000161411481262983], "low": [0.020313335117139744, 0.000161027304100987], "close": [0.020342528524296157, 0.000161027304100987], "volume": 3.1956322884199}, {"epoch": [1776430800, "2026-04-17T13:00:00Z"], "open": [0.020050744148780778, 0.000162433481231723], "high": [0.020313335117139744, 0.000162433481231723], "low": [0.020050744148780778, 0.000161411481262983], "close": [0.020313335117139744, 0.000161411481262983], "volume": 36.878554856258916}, {"epoch": [1776416400, "2026-04-17T09:00:00Z"], "open": [0.019754610921707858, 0.000165364667541642], "high": [0.020308998103962767, 0.000169755554971436], "low": [0.019754610921707858, 0.000162433481231723], "close": [0.020050744148780778, 0.000162433481231723], "volume": 270.0696917008764}, {"epoch": [1776402000, "2026-04-17T05:00:00Z"], "open": [0.019244682156105464, 0.00016488190260887], "high": [0.019754610921707858, 0.000165364667541642], "low": [0.019244682156105464, 0.00016488190260887], "close": [0.019754610921707858, 0.000165364667541642], "volume": 13.338659429394744}, {"epoch": [1776391200, "2026-04-17T02:00:00Z"], "open": [0.01942122379912614, 0.000164285173325736], "high": [0.01942122379912614, 0.00016488190260887], "low": [0.019244682156105464, 0.000164285173325736], "close": [0.019244682156105464, 0.00016488190260887], "volume": 13.010976959432192}, {"epoch": [1776387600, "2026-04-17T01:00:00Z"], "open": [0.020223669923350007, 0.000160046335993699], "high": [0.020223669923350007, 0.000164285173325736], "low": [0.01942122379912614, 0.000160046335993699], "close": [0.01942122379912614, 0.000164285173325736], "volume": 39.035335127580424}]}, {"epoch": [1776297600, "2026-04-16T00:00:00Z"], "tvl": 284619.8396, "open": [0.0204012293818509, 0.000170835368123993], "high": [0.02045988734468866, 0.000170835368123993], "low": [0.01903206686604467, 0.000160046335993699], "close": [0.020223669923350007, 0.000160046335993699], "volume": 1105.9441507275862, "hour_data": [{"epoch": [1776366000, "2026-04-16T19:00:00Z"], "open": [0.020050130616231093, 0.000161987882723171], "high": [0.020223669923350007, 0.000161987882723171], "low": [0.020050130616231093, 0.000160046335993699], "close": [0.020223669923350007, 0.000160046335993699], "volume": 52.75710442680286}, {"epoch": [1776362400, "2026-04-16T18:00:00Z"], "open": [0.019611555570090474, 0.000163925054729264], "high": [0.020054891917650305, 0.000163925054729264], "low": [0.019611555570090474, 0.000161813249598423], "close": [0.020050130616231093, 0.000161987882723171], "volume": 59.387890731301894}, {"epoch": [1776351600, "2026-04-16T15:00:00Z"], "open": [0.01903206686604467, 0.000167707017352043], "high": [0.019611555570090474, 0.000167707017352043], "low": [0.01903206686604467, 0.000163925054729264], "close": [0.019611555570090474, 0.000163925054729264], "volume": 24.17302375702573}, {"epoch": [1776344400, "2026-04-16T13:00:00Z"], "open": [0.01923781263328273, 0.000166035972261045], "high": [0.0192597150081311, 0.000167707017352043], "low": [0.01903206686604467, 0.000166035972261045], "close": [0.01903206686604467, 0.000167707017352043], "volume": 51.135536836251084}, {"epoch": [1776333600, "2026-04-16T10:00:00Z"], "open": [0.019315216225245208, 0.000165642609553403], "high": [0.019315216225245208, 0.000166035972261045], "low": [0.01923781263328273, 0.000165642609553403], "close": [0.01923781263328273, 0.000166035972261045], "volume": 5.53949301592966}, {"epoch": [1776326400, "2026-04-16T08:00:00Z"], "open": [0.019271489072215316, 0.000164688220589629], "high": [0.019315216225245208, 0.000165642609553403], "low": [0.019271489072215316, 0.000164688220589629], "close": [0.019315216225245208, 0.000165642609553403], "volume": 15.573647306242622}, {"epoch": [1776315600, "2026-04-16T05:00:00Z"], "open": [0.019275838830894926, 0.000166096736793039], "high": [0.019275838830894926, 0.000166454853659276], "low": [0.01918330292703039, 0.000161709400859557], "close": [0.019271489072215316, 0.000164688220589629], "volume": 305.06160062961396}, {"epoch": [1776312000, "2026-04-16T04:00:00Z"], "open": [0.020428733699417986, 0.000169396029808941], "high": [0.020430247021580715, 0.000169396029808941], "low": [0.01926063634429408, 0.000162851065679677], "close": [0.019275838830894926, 0.000166096736793039], "volume": 528.4560925462683}, {"epoch": [1776308400, "2026-04-16T03:00:00Z"], "open": [0.020458803669911717, 0.000170267280080852], "high": [0.020458803669911717, 0.000170267280080852], "low": [0.020397829480182896, 0.000169396029808941], "close": [0.020428733699417986, 0.000169396029808941], "volume": 31.01224620009548}, {"epoch": [1776304800, "2026-04-16T02:00:00Z"], "open": [0.0204012293818509, 0.000170835368123993], "high": [0.02045988734468866, 0.000170835368123993], "low": [0.0204012293818509, 0.000170022414446686], "close": [0.020458803669911717, 0.000170267280080852], "volume": 32.84751527805469}]}, {"epoch": [1776211200, "2026-04-15T00:00:00Z"], "tvl": 288281.3265, "open": [0.018571535193711717, 0.000162860005954792], "high": [0.021517354239772767, 0.000190720436584554], "low": [0.01852614642985566, 0.000162860005954792], "close": [0.0204012293818509, 0.000170835368123993], "volume": 5176.63642993018, "hour_data": [{"epoch": [1776290400, "2026-04-15T22:00:00Z"], "open": [0.020471008325467083, 0.000171677979660665], "high": [0.020471008325467083, 0.000171677979660665], "low": [0.020333313580149115, 0.000170835368123993], "close": [0.0204012293818509, 0.000170835368123993], "volume": 17.6747622806251}, {"epoch": [1776283200, "2026-04-15T20:00:00Z"], "open": [0.020460615480659916, 0.000172236799421782], "high": [0.020471008325467083, 0.000172236799421782], "low": [0.020460615480659916, 0.000171677979660665], "close": [0.020471008325467083, 0.000171677979660665], "volume": 22.003540481075948}, {"epoch": [1776279600, "2026-04-15T19:00:00Z"], "open": [0.020340546406345715, 0.00017306569257056], "high": [0.020460615480659916, 0.00017306569257056], "low": [0.020340546406345715, 0.000172236799421782], "close": [0.020460615480659916, 0.000172236799421782], "volume": 21.345091400773974}, {"epoch": [1776272400, "2026-04-15T17:00:00Z"], "open": [0.02018984867237289, 0.000173244708427552], "high": [0.020340546406345715, 0.000173244708427552], "low": [0.02018984867237289, 0.00017306569257056], "close": [0.020340546406345715, 0.00017306569257056], "volume": 4.3926285203773645}, {"epoch": [1776268800, "2026-04-15T16:00:00Z"], "open": [0.020376612334851257, 0.000173937634157462], "high": [0.020376612334851257, 0.000173937634157462], "low": [0.02012279175622056, 0.000173244708427552], "close": [0.02018984867237289, 0.000173244708427552], "volume": 17.626594408617404}, {"epoch": [1776265200, "2026-04-15T15:00:00Z"], "open": [0.019791862141255837, 0.000173781085028532], "high": [0.020376612334851257, 0.000177834126883324], "low": [0.019791862141255837, 0.000173781085028532], "close": [0.020376612334851257, 0.000173937634157462], "volume": 335.8713989180503}, {"epoch": [1776261600, "2026-04-15T14:00:00Z"], "open": [0.019753886158504874, 0.000169984379272745], "high": [0.019908232722740993, 0.000175473786777555], "low": [0.019753886158504874, 0.000169616147807977], "close": [0.019791862141255837, 0.000173781085028532], "volume": 143.93874872978392}, {"epoch": [1776258000, "2026-04-15T13:00:00Z"], "open": [0.020047716003272046, 0.000171884676444712], "high": [0.020047716003272046, 0.000171884676444712], "low": [0.019681458380278214, 0.000169984379272745], "close": [0.019753886158504874, 0.000169984379272745], "volume": 16.591551661353837}, {"epoch": [1776250800, "2026-04-15T11:00:00Z"], "open": [0.020828230290771365, 0.000178273520545499], "high": [0.020828230290771365, 0.000178273520545499], "low": [0.020047716003272046, 0.000171884676444712], "close": [0.020047716003272046, 0.000171884676444712], "volume": 516.3988890317191}, {"epoch": [1776222000, "2026-04-15T03:00:00Z"], "open": [0.02098050917709436, 0.000187782702682857], "high": [0.021517354239772767, 0.000190720436584554], "low": [0.020821150818626948, 0.000178273520545499], "close": [0.020828230290771365, 0.000178273520545499], "volume": 2185.3069418281048}, {"epoch": [1776218400, "2026-04-15T02:00:00Z"], "open": [0.01864265640424187, 0.000163911290590637], "high": [0.02098050917709436, 0.000187782702682857], "low": [0.01852614642985566, 0.000163911290590637], "close": [0.02098050917709436, 0.000187782702682857], "volume": 1877.6396635648236}, {"epoch": [1776214800, "2026-04-15T01:00:00Z"], "open": [0.01858186266562519, 0.000163292790549608], "high": [0.01864265640424187, 0.000163911290590637], "low": [0.01858186266562519, 0.000163292790549608], "close": [0.01864265640424187, 0.000163911290590637], "volume": 7.467064387386758}, {"epoch": [1776211200, "2026-04-15T00:00:00Z"], "open": [0.018571535193711717, 0.000162860005954792], "high": [0.01858186266562519, 0.000163292790549608], "low": [0.018571535193711717, 0.000162860005954792], "close": [0.01858186266562519, 0.000163292790549608], "volume": 10.379554717487904}]}, {"epoch": [1776124800, "2026-04-14T00:00:00Z"], "tvl": 263957.3318, "open": [0.018902246020121406, 0.00015547960350303], "high": [0.018902246020121406, 0.000163143635272359], "low": [0.018303202813956084, 0.000151911404697146], "close": [0.018571535193711717, 0.000162860005954792], "volume": 383.41741792005445, "hour_data": [{"epoch": [1776204000, "2026-04-14T22:00:00Z"], "open": [0.018620293736535728, 0.000162762316535564], "high": [0.018620293736535728, 0.000162860005954792], "low": [0.018571535193711717, 0.000162762316535564], "close": [0.018571535193711717, 0.000162860005954792], "volume": 2.1431313639748506}, {"epoch": [1776200400, "2026-04-14T21:00:00Z"], "open": [0.018303202813956084, 0.000162571300551306], "high": [0.018639705946806962, 0.000162762316535564], "low": [0.018303202813956084, 0.000162571300551306], "close": [0.018620293736535728, 0.000162762316535564], "volume": 2.15344152024176}, {"epoch": [1776196800, "2026-04-14T20:00:00Z"], "open": [0.018425023485953373, 0.000162038929592705], "high": [0.018425023485953373, 0.000162571300551306], "low": [0.018303202813956084, 0.000162038929592705], "close": [0.018303202813956084, 0.000162571300551306], "volume": 3.743794889293167}, {"epoch": [1776189600, "2026-04-14T18:00:00Z"], "open": [0.018609587266660867, 0.000161293822536793], "high": [0.018609587266660867, 0.000162038929592705], "low": [0.018425023485953373, 0.000161293822536793], "close": [0.018425023485953373, 0.000162038929592705], "volume": 15.02467400062734}, {"epoch": [1776182400, "2026-04-14T16:00:00Z"], "open": [0.018718094237334407, 0.000160225798788689], "high": [0.01873555227223254, 0.000161293822536793], "low": [0.018609587266660867, 0.000160225798788689], "close": [0.018609587266660867, 0.000161293822536793], "volume": 6.680592507305423}, {"epoch": [1776178800, "2026-04-14T15:00:00Z"], "open": [0.018771568195925514, 0.00015647082985012], "high": [0.018771568195925514, 0.000160225798788689], "low": [0.018718094237334407, 0.00015647082985012], "close": [0.018718094237334407, 0.000160225798788689], "volume": 19.88602987879878}, {"epoch": [1776175200, "2026-04-14T14:00:00Z"], "open": [0.018704366299095103, 0.000156021333989829], "high": [0.018771568195925514, 0.000159662162244368], "low": [0.01866951612147122, 0.000156021333989829], "close": [0.018771568195925514, 0.00015647082985012], "volume": 25.30178586278448}, {"epoch": [1776171600, "2026-04-14T13:00:00Z"], "open": [0.018531993511930942, 0.000159125079353464], "high": [0.01890047695018508, 0.000163143635272359], "low": [0.018531993511930942, 0.000151911404697146], "close": [0.018704366299095103, 0.000156021333989829], "volume": 293.7137693443716}, {"epoch": [1776153600, "2026-04-14T08:00:00Z"], "open": [0.018902246020121406, 0.00015547960350303], "high": [0.018902246020121406, 0.000159125079353464], "low": [0.018531993511930942, 0.00015547960350303], "close": [0.018531993511930942, 0.000159125079353464], "volume": 14.770198552657043}]}, {"epoch": [1776038400, "2026-04-13T00:00:00Z"], "tvl": 267626.8632, "open": [0.01794442602737763, 0.00016267447826087], "high": [0.018902246020121406, 0.00016267447826087], "low": [0.017576181719265605, 0.000154879038249671], "close": [0.018902246020121406, 0.00015547960350303], "volume": 654.5875920922998, "hour_data": [{"epoch": [1776121200, "2026-04-13T23:00:00Z"], "open": [0.01887760461357271, 0.000155609422027656], "high": [0.018902246020121406, 0.000155609422027656], "low": [0.01887760461357271, 0.00015547960350303], "close": [0.018902246020121406, 0.00015547960350303], "volume": 2.3857299165386228}, {"epoch": [1776117600, "2026-04-13T22:00:00Z"], "open": [0.018282199901158626, 0.00015799504618749], "high": [0.01887760461357271, 0.00015799504618749], "low": [0.018282199901158626, 0.000155609422027656], "close": [0.01887760461357271, 0.000155609422027656], "volume": 28.649994711572575}, {"epoch": [1776106800, "2026-04-13T19:00:00Z"], "open": [0.01820626460268939, 0.00015888537762148], "high": [0.018282199901158626, 0.00015888537762148], "low": [0.01820626460268939, 0.00015799504618749], "close": [0.018282199901158626, 0.00015799504618749], "volume": 24.585777708777446}, {"epoch": [1776103200, "2026-04-13T18:00:00Z"], "open": [0.01804938683760074, 0.000162122793391725], "high": [0.01822012059110585, 0.000162122793391725], "low": [0.01804938683760074, 0.00015888537762148], "close": [0.01820626460268939, 0.00015888537762148], "volume": 11.272174484350586}, {"epoch": [1776081600, "2026-04-13T12:00:00Z"], "open": [0.017825852256722435, 0.000160877217486103], "high": [0.01804938683760074, 0.000162122793391725], "low": [0.017825852256722435, 0.000160877217486103], "close": [0.01804938683760074, 0.000162122793391725], "volume": 18.756312382526364}, {"epoch": [1776074400, "2026-04-13T10:00:00Z"], "open": [0.01773451262100607, 0.000159648327272676], "high": [0.017982008610751877, 0.00016145549318197], "low": [0.01773451262100607, 0.000157107986724701], "close": [0.017825852256722435, 0.000160877217486103], "volume": 58.77372411209062}, {"epoch": [1776070800, "2026-04-13T09:00:00Z"], "open": [0.01794442602737763, 0.00016267447826087], "high": [0.018127804573814972, 0.00016267447826087], "low": [0.017576181719265605, 0.000154879038249671], "close": [0.01773451262100607, 0.000159648327272676], "volume": 510.1638787764436}]}, {"epoch": [1775952000, "2026-04-12T00:00:00Z"], "tvl": 251773.4425, "open": [0.01840458775851499, 0.000159969406640996], "high": [0.018436484226525687, 0.000167819237817282], "low": [0.017702105400536548, 0.000159969406640996], "close": [0.01794442602737763, 0.00016267447826087], "volume": 174.8624673425892, "hour_data": [{"epoch": [1776027600, "2026-04-12T21:00:00Z"], "open": [0.01794613161829342, 0.000163244578986038], "high": [0.017954163109749476, 0.000163244578986038], "low": [0.01794442602737763, 0.00016267447826087], "close": [0.01794442602737763, 0.00016267447826087], "volume": 13.241865065954526}, {"epoch": [1776024000, "2026-04-12T20:00:00Z"], "open": [0.01783012658803679, 0.000163894321081353], "high": [0.01794613161829342, 0.000163894321081353], "low": [0.017829490241227635, 0.000163244578986038], "close": [0.01794613161829342, 0.000163244578986038], "volume": 10.349725857013373}, {"epoch": [1776016800, "2026-04-12T18:00:00Z"], "open": [0.017782648421796488, 0.000164166672099497], "high": [0.01783012658803679, 0.000164166672099497], "low": [0.017782648421796488, 0.000163894321081353], "close": [0.01783012658803679, 0.000163894321081353], "volume": 2.230270379849224}, {"epoch": [1776013200, "2026-04-12T17:00:00Z"], "open": [0.017702105400536548, 0.000165294799832034], "high": [0.01778337687800635, 0.000167819237817282], "low": [0.017702105400536548, 0.000164166672099497], "close": [0.017782648421796488, 0.000164166672099497], "volume": 66.85268116848626}, {"epoch": [1776002400, "2026-04-12T14:00:00Z"], "open": [0.01792960150181312, 0.000164426639177959], "high": [0.01792960150181312, 0.000165294799832034], "low": [0.017702105400536548, 0.000164426639177959], "close": [0.017702105400536548, 0.000165294799832034], "volume": 4.647713826384116}, {"epoch": [1775955600, "2026-04-12T01:00:00Z"], "open": [0.018436484226525687, 0.000160138572026105], "high": [0.018436484226525687, 0.000164426639177959], "low": [0.01792960150181312, 0.000160138572026105], "close": [0.01792960150181312, 0.000164426639177959], "volume": 75.1478594766719}, {"epoch": [1775952000, "2026-04-12T00:00:00Z"], "open": [0.01840458775851499, 0.000159969406640996], "high": [0.018436484226525687, 0.000160138572026105], "low": [0.01840458775851499, 0.000159969406640996], "close": [0.018436484226525687, 0.000160138572026105], "volume": 2.3923515682298375}]}, {"epoch": [1775865600, "2026-04-11T00:00:00Z"], "tvl": 263002.845, "open": [0.019285085466192474, 0.00015863885884462], "high": [0.019285085466192474, 0.000161530016566845], "low": [0.01840458775851499, 0.00015715095381409], "close": [0.01840458775851499, 0.000159969406640996], "volume": 76.77451645141119, "hour_data": [{"epoch": [1775948400, "2026-04-11T23:00:00Z"], "open": [0.0186204824992671, 0.00015715095381409], "high": [0.0186204824992671, 0.000159969406640996], "low": [0.01840458775851499, 0.00015715095381409], "close": [0.01840458775851499, 0.000159969406640996], "volume": 3.047148230795714}, {"epoch": [1775934000, "2026-04-11T19:00:00Z"], "open": [0.018803285898166544, 0.000161452536835548], "high": [0.01896207271432637, 0.000161452536835548], "low": [0.0186204824992671, 0.00015715095381409], "close": [0.0186204824992671, 0.00015715095381409], "volume": 35.673838243670254}, {"epoch": [1775930400, "2026-04-11T18:00:00Z"], "open": [0.018698517235130246, 0.000161530016566845], "high": [0.018803285898166544, 0.000161530016566845], "low": [0.018698517235130246, 0.00015805232588261], "close": [0.018803285898166544, 0.000161452536835548], "volume": 32.15703152699093}, {"epoch": [1775908800, "2026-04-11T12:00:00Z"], "open": [0.018748972773254272, 0.000161347152330044], "high": [0.018748972773254272, 0.000161530016566845], "low": [0.018698517235130246, 0.000161347152330044], "close": [0.018698517235130246, 0.000161530016566845], "volume": 4.186009061935293}, {"epoch": [1775898000, "2026-04-11T09:00:00Z"], "open": [0.019285085466192474, 0.00015863885884462], "high": [0.019285085466192474, 0.000161347152330044], "low": [0.018748972773254272, 0.00015863885884462], "close": [0.018748972773254272, 0.000161347152330044], "volume": 1.7104893880189906}]}, {"epoch": [1775779200, "2026-04-10T00:00:00Z"], "tvl": 272891.9335, "open": [0.019103143837513294, 0.000163959126914116], "high": [0.019285085466192474, 0.000163959126914116], "low": [0.018798900559925544, 0.00015863885884462], "close": [0.019285085466192474, 0.00015863885884462], "volume": 93.5550252300734, "hour_data": [{"epoch": [1775847600, "2026-04-10T19:00:00Z"], "open": [0.019166201603071528, 0.00016061442310228], "high": [0.019285085466192474, 0.00016061442310228], "low": [0.019166201603071528, 0.00015863885884462], "close": [0.019285085466192474, 0.00015863885884462], "volume": 34.46376177729012}, {"epoch": [1775844000, "2026-04-10T18:00:00Z"], "open": [0.01920490343318788, 0.000161710580068627], "high": [0.01920490343318788, 0.000161710580068627], "low": [0.019165433784544172, 0.00016061442310228], "close": [0.019166201603071528, 0.00016061442310228], "volume": 16.699199716537635}, {"epoch": [1775840400, "2026-04-10T17:00:00Z"], "open": [0.019151527541953227, 0.0001624553937281], "high": [0.01920490343318788, 0.0001624553937281], "low": [0.019151527541953227, 0.000161710580068627], "close": [0.01920490343318788, 0.000161710580068627], "volume": 19.6330382230887}, {"epoch": [1775836800, "2026-04-10T16:00:00Z"], "open": [0.018798900559925544, 0.000163347561088082], "high": [0.019151527541953227, 0.000163347561088082], "low": [0.018798900559925544, 0.0001624553937281], "close": [0.019151527541953227, 0.0001624553937281], "volume": 13.468472544052853}, {"epoch": [1775811600, "2026-04-10T09:00:00Z"], "open": [0.01882576004696624, 0.000163639654979199], "high": [0.01882576004696624, 0.000163639654979199], "low": [0.018798900559925544, 0.000163347561088082], "close": [0.018798900559925544, 0.000163347561088082], "volume": 6.810477268862928}, {"epoch": [1775782800, "2026-04-10T01:00:00Z"], "open": [0.019103143837513294, 0.000163959126914116], "high": [0.019103143837513294, 0.000163959126914116], "low": [0.01882576004696624, 0.000163639654979199], "close": [0.01882576004696624, 0.000163639654979199], "volume": 2.4800757002411693}]}, {"epoch": [1775692800, "2026-04-09T00:00:00Z"], "tvl": 269696.1363, "open": [0.018656145487084965, 0.000167258985815384], "high": [0.019103143837513294, 0.000169296817542895], "low": [0.01853439802249049, 0.000163959126914116], "close": [0.019103143837513294, 0.000163959126914116], "volume": 68.04086886199667, "hour_data": [{"epoch": [1775761200, "2026-04-09T19:00:00Z"], "open": [0.01909489332298076, 0.000164768119607176], "high": [0.019103143837513294, 0.000164768119607176], "low": [0.019074124391299907, 0.000163959126914116], "close": [0.019103143837513294, 0.000163959126914116], "volume": 8.249116851730195}, {"epoch": [1775750400, "2026-04-09T16:00:00Z"], "open": [0.01855155398452694, 0.000169296817542895], "high": [0.01909489332298076, 0.000169296817542895], "low": [0.01855155398452694, 0.000164768119607176], "close": [0.01909489332298076, 0.000164768119607176], "volume": 31.590480610174883}, {"epoch": [1775721600, "2026-04-09T08:00:00Z"], "open": [0.01853439802249049, 0.00016835337965102], "high": [0.01855155398452694, 0.000169296817542895], "low": [0.01853439802249049, 0.00016835337965102], "close": [0.01855155398452694, 0.000169296817542895], "volume": 8.827143027295776}, {"epoch": [1775700000, "2026-04-09T02:00:00Z"], "open": [0.018656145487084965, 0.000167258985815384], "high": [0.018656145487084965, 0.00016835337965102], "low": [0.01853439802249049, 0.000167258985815384], "close": [0.01853439802249049, 0.00016835337965102], "volume": 19.374128372795823}]}, {"epoch": [1775606400, "2026-04-08T00:00:00Z"], "tvl": 264783.9584, "open": [0.01881903010917629, 0.00015913392364713], "high": [0.01881903010917629, 0.000167258985815384], "low": [0.01816999113003297, 0.000157920767677674], "close": [0.018656145487084965, 0.000167258985815384], "volume": 149.88057305596314, "hour_data": [{"epoch": [1775685600, "2026-04-08T22:00:00Z"], "open": [0.018690431991828148, 0.000165590555136597], "high": [0.018778167136798335, 0.000167258985815384], "low": [0.018656145487084965, 0.000165590555136597], "close": [0.018656145487084965, 0.000167258985815384], "volume": 31.407630570418974}, {"epoch": [1775674800, "2026-04-08T19:00:00Z"], "open": [0.018795831106858087, 0.000165502082612146], "high": [0.018795831106858087, 0.000165590555136597], "low": [0.018690431991828148, 0.000165502082612146], "close": [0.018690431991828148, 0.000165590555136597], "volume": 2.350889869739921}, {"epoch": [1775667600, "2026-04-08T17:00:00Z"], "open": [0.018736299201592203, 0.000165092865252399], "high": [0.018795831106858087, 0.000165502082612146], "low": [0.018736299201592203, 0.000165092865252399], "close": [0.018795831106858087, 0.000165502082612146], "volume": 0.3963454854985944}, {"epoch": [1775664000, "2026-04-08T16:00:00Z"], "open": [0.01816999113003297, 0.000163997208841338], "high": [0.018736299201592203, 0.000165092865252399], "low": [0.01816999113003297, 0.000163997208841338], "close": [0.018736299201592203, 0.000165092865252399], "volume": 12.364300973418066}, {"epoch": [1775656800, "2026-04-08T14:00:00Z"], "open": [0.018589511416757316, 0.000162855174863298], "high": [0.018589511416757316, 0.000163997208841338], "low": [0.01816999113003297, 0.000162855174863298], "close": [0.01816999113003297, 0.000163997208841338], "volume": 23.18799541203809}, {"epoch": [1775646000, "2026-04-08T11:00:00Z"], "open": [0.018488375152231454, 0.000162216616067847], "high": [0.018589511416757316, 0.000162855174863298], "low": [0.018488375152231454, 0.000162216616067847], "close": [0.018589511416757316, 0.000162855174863298], "volume": 10.33560999956334}, {"epoch": [1775628000, "2026-04-08